#Elist Carrier_QAH Carrier_Axion
-3.000000000000000000e+00 -9.155994107806604276e+00 -7.235556523298039444e+00
-2.984962406015037484e+00 -9.027768822400517479e+00 -7.147826166400550463e+00
-2.969924812030074968e+00 -8.900345451603733693e+00 -7.060827004649084415e+00
-2.954887218045112895e+00 -8.773886307906161974e+00 -6.974547918832031179e+00
-2.939849624060150379e+00 -8.648540976037462968e+00 -6.888978193834680575e+00
-2.924812030075187863e+00 -8.524444102949647828e+00 -6.804107488558345906e+00
-2.909774436090225791e+00 -8.401713744538163553e+00 -6.719925820851047504e+00
-2.894736842105263275e+00 -8.280450292316205108e+00 -6.636423565502433952e+00
-2.879699248120300759e+00 -8.160735971857773663e+00 -6.553591461543509133e+00
-2.864661654135338242e+00 -8.042634876986230807e+00 -6.471420623752808687e+00
-2.849624060150375726e+00 -7.926193481210161096e+00 -6.389902552677115821e+00
-2.834586466165413654e+00 -7.811441551953596019e+00 -6.309029137780111540e+00
-2.819548872180451138e+00 -7.698393384138946693e+00 -6.228792649537309600e+00
-2.804511278195488622e+00 -7.587049267411997810e+00 -6.149185718241267473e+00
-2.789473684210526550e+00 -7.477397104903396929e+00 -6.070201299669578887e+00
-2.774436090225564033e+00 -7.369414109605771479e+00 -5.991832630209469990e+00
-2.759398496240601517e+00 -7.263068515654572010e+00 -5.914073176110603569e+00
-2.744360902255639001e+00 -7.158321254417634449e+00 -5.836916582881775284e+00
-2.729323308270676485e+00 -7.055127557833404950e+00 -5.760356631201144495e+00
-2.714285714285714413e+00 -6.953438462681792664e+00 -5.684387204980577479e+00
-2.699248120300751896e+00 -6.853202198601693773e+00 -5.609002275504733070e+00
-2.684210526315789380e+00 -6.754365449295821833e+00 -5.534195903122215654e+00
-2.669172932330827308e+00 -6.656874480520174941e+00 -5.459962255199682701e+00
-2.654135338345864792e+00 -6.560676130535568085e+00 -5.386295636426991607e+00
-2.639097744360902276e+00 -6.465718659352763353e+00 -5.313190525534654540e+00
-2.624060150375939759e+00 -6.371952453112118775e+00 -5.240641611412547363e+00
-2.609022556390977243e+00 -6.279330580082751467e+00 -5.168643821700458219e+00
-2.593984962406015171e+00 -6.187809195701603926e+00 -5.097192338159519664e+00
-2.578947368421052655e+00 -6.097347796238659967e+00 -5.026282595331533543e+00
-2.563909774436090139e+00 -6.007909324233597914e+00 -4.955910261784667092e+00
-2.548872180451128067e+00 -5.919460133672070690e+00 -4.886071206157536650e+00
-2.533834586466165550e+00 -5.831969828559232738e+00 -4.816761452753018702e+00
-2.518796992481203034e+00 -5.745410994501023438e+00 -4.747977133165198538e+00
-2.503759398496240518e+00 -5.659758848398781517e+00 -4.679714441053266505e+00
-2.488721804511278002e+00 -5.574990835663612643e+00 -4.611969596601715793e+00
-2.473684210526315930e+00 -5.491086206815364967e+00 -4.544738825533307214e+00
-2.458646616541353414e+00 -5.408025605478991693e+00 -4.478018355066753386e+00
-2.443609022556390897e+00 -5.325790697408340435e+00 -4.411804426369770660e+00
-2.428571428571428825e+00 -5.244363865319149554e+00 -4.346093320345437938e+00
-2.413533834586466309e+00 -5.163727987350890558e+00 -4.280881391473981168e+00
-2.398496240601503793e+00 -5.083866308505855969e+00 -4.216165103271340087e+00
-2.383458646616541277e+00 -5.004762405226974131e+00 -4.151941058905941340e+00
-2.368421052631578760e+00 -4.926400234267735989e+00 -4.088206021617413199e+00
-2.353383458646616688e+00 -4.848764249074034360e+00 -4.024956921588080050e+00
-2.338345864661654172e+00 -4.771839560834516547e+00 -3.962190848454301140e+00
-2.323308270676691656e+00 -4.695612117768900085e+00 -3.899905031245355147e+00
-2.308270676691729584e+00 -4.620068875459030444e+00 -3.838096809733018144e+00
-2.293233082706767068e+00 -4.545197933132245183e+00 -3.776763602576019618e+00
-2.278195488721804551e+00 -4.470988615521581444e+00 -3.715902878010538757e+00
-2.263157894736842035e+00 -4.397431486714694415e+00 -3.655512132123413860e+00
-2.248120300751879519e+00 -4.324518290505493745e+00 -3.595588878100455243e+00
-2.233082706766917447e+00 -4.252241820285824758e+00 -3.536130647589989628e+00
-2.218045112781954931e+00 -4.180595729527868620e+00 -3.477135002893577465e+00
-2.203007518796992414e+00 -4.109574300546061210e+00 -3.418599556554211549e+00
-2.187969924812030342e+00 -4.039172193785937282e+00 -3.360521993464805846e+00
-2.172932330827067826e+00 -3.969384201900910902e+00 -3.302900090143804590e+00
-2.157894736842105310e+00 -3.900205032169408170e+00 -3.245731726415825413e+00
-2.142857142857142794e+00 -3.831629137502714499e+00 -3.189014886288376260e+00
-2.127819548872180277e+00 -3.763650610815219899e+00 -3.132747647043282235e+00
-2.112781954887218205e+00 -3.696263150527380859e+00 -3.076928158044538009e+00
-2.097744360902255689e+00 -3.629460097261877571e+00 -3.021554613028761160e+00
-2.082706766917293173e+00 -3.563234534253279406e+00 -2.966625221247212174e+00
-2.067669172932331101e+00 -3.497579437462277063e+00 -2.912138183440353245e+00
-2.052631578947368585e+00 -3.432487856574256924e+00 -2.858091678094357491e+00
-2.037593984962406068e+00 -3.367953105463400654e+00 -2.804483861809472067e+00
-2.022556390977443552e+00 -3.303968940546262445e+00 -2.751312885161676824e+00
-2.007518796992481036e+00 -3.240529707675970705e+00 -2.698576922582018867e+00
-1.992481203007518964e+00 -3.177630442510711362e+00 -2.646274212022568406e+00
-1.977443609022556448e+00 -3.115266915073537923e+00 -2.594403098034920419e+00
-1.962406015037593932e+00 -3.053435615796374236e+00 -2.542962070776612293e+00
-1.947368421052631637e+00 -2.992133686936142567e+00 -2.491949793634605115e+00
-1.932330827067669343e+00 -2.931358809120222730e+00 -2.441365113647383289e+00
-1.917293233082706827e+00 -2.871109057292748901e+00 -2.391207051522489913e+00
-1.902255639097744311e+00 -2.811382743048935318e+00 -2.341474771385945175e+00
-1.887218045112782017e+00 -2.752178261048897845e+00 -2.292167533926559031e+00
-1.872180451127819723e+00 -2.693493955928208727e+00 -2.243284639723928109e+00
-1.857142857142857206e+00 -2.635328023133328479e+00 -2.194825371735700692e+00
-1.842105263157894690e+00 -2.577678452857668390e+00 -2.146788946772345774e+00
-1.827067669172932396e+00 -2.520543021314064269e+00 -2.099174485124604139e+00
-1.812030075187970102e+00 -2.463919328576286816e+00 -2.051981005398234359e+00
-1.796992481203007586e+00 -2.407804877750736594e+00 -2.005207448364449085e+00
-1.781954887218045069e+00 -2.352197186794406925e+00 -1.958852729760943490e+00
-1.766917293233082775e+00 -2.297093922216888906e+00 -1.912915818101573961e+00
-1.751879699248120481e+00 -2.242493043345145765e+00 -1.867395830309440008e+00
-1.736842105263157965e+00 -2.188392946746946954e+00 -1.822292135923272660e+00
-1.721804511278195449e+00 -2.134792602579451248e+00 -1.777604460100785211e+00
-1.706766917293233154e+00 -2.081691677687904196e+00 -1.733332976767941069e+00
-1.691729323308270860e+00 -2.029090643769924540e+00 -1.689478385882768663e+00
-1.676691729323308344e+00 -1.976990872356418016e+00 -1.646041972489561189e+00
-1.661654135338345828e+00 -1.925394721283006483e+00 -1.603025649439292266e+00
-1.646616541353383534e+00 -1.874305619358793251e+00 -1.560431989653816132e+00
-1.631578947368421240e+00 -1.823728156824927282e+00 -1.518264256935201395e+00
-1.616541353383458723e+00 -1.773668188817843827e+00 -1.476526446004974957e+00
-1.601503759398496207e+00 -1.724132957440373204e+00 -1.435223342343338260e+00
-1.586466165413533913e+00 -1.675131235359942572e+00 -1.394360610387989752e+00
-1.571428571428571619e+00 -1.626673490364957786e+00 -1.353944914924182896e+00
-1.556390977443609103e+00 -1.578772066358700599e+00 -1.313984075479915248e+00
-1.541353383458646586e+00 -1.531441372230174736e+00 -1.274487247848102633e+00
-1.526315789473684292e+00 -1.484698066288482998e+00 -1.235465121206546613e+00
-1.511278195488721998e+00 -1.438561220826181319e+00 -1.196930114412512403e+00
-1.496240601503759482e+00 -1.393052449179886132e+00 -1.158896551533464603e+00
-1.481203007518796966e+00 -1.348195976607881263e+00 -1.121380794989015328e+00
-1.466165413533834672e+00 -1.304018636554649113e+00 -1.084401315049938752e+00
-1.451127819548872377e+00 -1.260549775492794566e+00 -1.047978676858795311e+00
-1.436090225563909861e+00 -1.217821052516443459e+00 -1.012135430371607470e+00
-1.421052631578947345e+00 -1.175866124120460654e+00 -9.768958942605712181e-01
-1.406015037593985051e+00 -1.134720209970366156e+00 -9.422858313361199833e-01
-1.390977443609022757e+00 -1.094419541702881915e+00 -9.083320198670614687e-01
-1.375939849624060241e+00 -1.055000703573529819e+00 -8.750617317431403919e-01
-1.360902255639097724e+00 -1.016499880692990132e+00 -8.425021342524292578e-01
-1.345864661654135430e+00 -9.789520372207149990e-01 -8.106796369652649048e-01
-1.330827067669173136e+00 -9.423900527353197276e-01 -7.796192085862330146e-01
-1.315789473684210620e+00 -9.068438496030406526e-01 -7.493436905450101548e-01
-1.300751879699248104e+00 -8.723395470906574189e-01 -7.198731345501876433e-01
-1.285714285714285809e+00 -8.388986788809500439e-01 -6.912241904231768430e-01
-1.270676691729323515e+00 -8.065375093448796662e-01 -6.634095684210876698e-01
-1.255639097744360999e+00 -7.752664803718065656e-01 -6.364375971443241298e-01
-1.240601503759398483e+00 -7.450898149116369495e-01 -6.103118942183840545e-01
-1.225563909774436189e+00 -7.160052959835354613e-01 -5.850311624527746446e-01
-1.210526315789473895e+00 -6.880042312617060674e-01 -5.605891193185694732e-01
-1.195488721804511378e+00 -6.610716040889226264e-01 -5.369745625462609695e-01
-1.180451127819548862e+00 -6.351864025821463144e-01 -5.141715696144615322e-01
-1.165413533834586568e+00 -6.103221100623787976e-01 -4.921598240587803375e-01
-1.150375939849624274e+00 -5.864473329634396492e-01 -4.709150570536255742e-01
-1.135338345864661758e+00 -5.635265371117448296e-01 -4.504095887753596372e-01
-1.120300751879699241e+00 -5.415208600960568219e-01 -4.306129507980482884e-01
-1.105263157894736947e+00 -5.203889664322449704e-01 -4.114925683377821386e-01
-1.090225563909774653e+00 -5.000879132422948459e-01 -3.930144796524954742e-01
-1.075187969924812137e+00 -4.805739969067026607e-01 -3.751440693849668051e-01
-1.060150375939849621e+00 -4.618035551901851221e-01 -3.578467931202622410e-01
-1.045112781954887327e+00 -4.437337041934465987e-01 -3.410888718709674805e-01
-1.030075187969925032e+00 -4.263229946590421093e-01 -3.248379374999972313e-01
-1.015037593984962516e+00 -4.095319772208370068e-01 -3.090636130805171078e-01
-1.000000000000000000e+00 -3.933236707931300202e-01 -2.937380156662809938e-01
-9.849624060150379279e-01 -3.776639322238057872e-01 -2.788361726612462732e-01
-9.699248120300754117e-01 -3.625217284841077969e-01 -2.643363466789789840e-01
-9.548872180451128955e-01 -3.478693150403238121e-01 -2.502202672242699322e-01
-9.398496240601503793e-01 -3.336823257356993366e-01 -2.364732704995899937e-01
-9.248120300751878631e-01 -3.199397806362878072e-01 -2.230843509815993997e-01
-9.097744360902257910e-01 -3.066240190090354645e-01 -2.100461300449847357e-01
-8.947368421052632748e-01 -2.937205650378409416e-01 -1.973547478323895987e-01
-8.796992481203007586e-01 -2.812179341467686555e-01 -1.850096848627007518e-01
-8.646616541353386864e-01 -2.691073879553087522e-01 -1.730135196906523731e-01
-8.496240601503761702e-01 -2.573826459710044645e-01 -1.613716284865365225e-01
-8.345864661654136540e-01 -2.460395621390620846e-01 -1.500918319287043445e-01
-8.195488721804511378e-01 -2.350757743161739910e-01 -1.391839945200201711e-01
-8.045112781954886216e-01 -2.244903346181228443e-01 -1.286595815399680376e-01
-7.894736842105265495e-01 -2.142833284196132837e-01 -1.185311794477925673e-01
-7.744360902255640333e-01 -2.044554895837240593e-01 -1.088119866931016588e-01
-7.593984962406015171e-01 -1.950078192977144909e-01 -9.951528350813632073e-02
-7.443609022556394450e-01 -1.859412157196178583e-01 -9.065389119822420128e-02
-7.293233082706769288e-01 -1.772561215104460075e-01 -8.223963348687846064e-02
-7.142857142857144126e-01 -1.689521962300926106e-01 -7.428281433483086005e-02
-6.992481203007518964e-01 -1.610280204726741715e-01 -6.679172804916699846e-02
-6.842105263157893802e-01 -1.534808384420109917e-01 -5.977221816382094488e-02
-6.691729323308273081e-01 -1.463063453329418451e-01 -5.322730129772956786e-02
-6.541353383458647919e-01 -1.394985252959379807e-01 -4.715687085930664324e-02
-6.390977443609022757e-01 -1.330495448388706592e-01 -4.155749304712852421e-02
-6.240601503759402036e-01 -1.269497052084958000e-01 -3.642230418818126481e-02
-6.090225563909776874e-01 -1.211874555875205317e-01 -3.174101425108766250e-02
-5.939849624060151712e-01 -1.157494668868679355e-01 -2.750001665143297913e-02
-5.789473684210526550e-01 -1.106207636075069445e-01 -2.368259956493901086e-02
-5.639097744360901387e-01 -1.057849088396700665e-01 -2.026924924003381534e-02
-5.488721804511280666e-01 -1.012242351385737038e-01 -1.723803159984438338e-02
-5.338345864661655504e-01 -9.692011195563488002e-02 -1.456503504443684704e-02
-5.187969924812030342e-01 -9.285323869096195892e-02 -1.222485503399539652e-02
-5.037593984962409621e-01 -8.900395141146866251e-02 -1.019109988758337693e-02
-4.887218045112784459e-01 -8.535253094269279472e-02 -8.436897305225343757e-03
-4.736842105263159297e-01 -8.187950042240466075e-02 -6.935382350211405367e-03
-4.586466165413534135e-01 -7.856590146608688485e-02 -5.660149863948582549e-03
-4.436090225563908973e-01 -7.539353974422624560e-02 -4.585657310057555947e-03
-4.285714285714288252e-01 -7.234519286627794088e-02 -3.687567596638352541e-03
-4.135338345864663090e-01 -6.940477583258441996e-02 -2.943025226978868147e-03
-3.984962406015037928e-01 -6.655746176743981835e-02 -2.330862908572761683e-03
-3.834586466165417207e-01 -6.378975800533304152e-02 -1.831739266568099822e-03
-3.684210526315792045e-01 -6.108953971309105668e-02 -1.428211365952058998e-03
-3.533834586466166883e-01 -5.844604497420746725e-02 -1.104748208905270701e-03
-3.383458646616541721e-01 -5.584983656224373760e-02 -8.476931632639406189e-04
-3.233082706766916559e-01 -5.329273645659959868e-02 -6.451843774488708050e-04
-3.082706766917295838e-01 -5.076773951707203025e-02 -4.870426812546568840e-04
-2.932330827067670675e-01 -4.826891267848232303e-02 -3.646363366716087739e-04
-2.781954887218045513e-01 -4.579128562421708182e-02 -2.707313935728095089e-04
-2.631578947368424792e-01 -4.333073823324085083e-02 -1.993354420806170424e-04
-2.481203007518799630e-01 -4.088388925973163168e-02 -1.455413607445166235e-04
-2.330827067669174468e-01 -3.844798978458285887e-02 -1.053763541332131126e-04
-2.180451127819549306e-01 -3.602082404968776075e-02 -7.566025696803535538e-05
-2.030075187969924144e-01 -3.360061941079628411e-02 -5.387583653693184260e-05
-1.879699248120303423e-01 -3.118596636669224154e-02 -3.805271059054149418e-05
-1.729323308270678261e-01 -2.877574896925416681e-02 -2.666555186081609463e-05
-1.578947368421053099e-01 -2.636908540238636078e-02 -1.854649043853129342e-05
-1.428571428571432378e-01 -2.396527813706939014e-02 -1.281105193040588119e-05
-1.278195488721807216e-01 -2.156377281439958438e-02 -8.796570454272512052e-06
-1.127819548872182054e-01 -1.916412486163565632e-02 -6.011769673186506679e-06
-9.774436090225568918e-02 -1.676597278746427833e-02 -4.096085895355372486e-06
-8.270676691729317298e-02 -1.436901711067761767e-02 -2.787286328853610939e-06
-6.766917293233110087e-02 -1.197300393092959325e-02 -1.895985199951155664e-06
-5.263157894736858466e-02 -9.577712232543333926e-03 -1.285755067748084457e-06
-3.759398496240606846e-02 -7.182944107425370817e-03 -8.576484731293021468e-07
-2.255639097744399635e-02 -4.788517178273110630e-03 -5.380676952881913166e-07
-7.518796992481480146e-03 -2.394258589136555315e-03 -2.690338476440956583e-07
7.518796992481036057e-03 0.000000000000000000e+00 0.000000000000000000e+00
2.255639097744355226e-02 2.394426929154036543e-03 3.195807778411108302e-07
3.759398496240606846e-02 4.789195054271999652e-03 7.476873724598931403e-07
5.263157894736814058e-02 7.184486752656482622e-03 1.357917504662964348e-06
6.766917293233065678e-02 9.580499932406283392e-03 2.249218634453598042e-06
8.270676691729317298e-02 1.197745560919294405e-02 3.558018200067181169e-06
9.774436090225524509e-02 1.437560768336432204e-02 5.473701978786493783e-06
1.127819548872177613e-01 1.677525563612825010e-02 8.258502758984320735e-06
1.278195488721802775e-01 1.917676095879805587e-02 1.227298423511768988e-05
1.428571428571427937e-01 2.158056822411502651e-02 1.800842274324310210e-05
1.578947368421053099e-01 2.398723179098105618e-02 2.612748416641608173e-05
1.729323308270673820e-01 2.639744918841913091e-02 3.751464289525330287e-05
1.879699248120298982e-01 2.881210223252494984e-02 5.333776884253182970e-05
2.030075187969924144e-01 3.123230687141642647e-02 7.512218927274716407e-05
2.180451127819544865e-01 3.365947260630974824e-02 1.048382864379249213e-04
2.330827067669170027e-01 3.609537208146029741e-02 1.450032930501166106e-04
2.481203007518795189e-01 3.854222105496774020e-02 1.987973743853288511e-04
2.631578947368420351e-01 4.100276844594574754e-02 2.701933258775213176e-04
2.781954887218045513e-01 4.348039550021098876e-02 3.640982689772087610e-04
2.932330827067666235e-01 4.597922233879891962e-02 4.865046135593686927e-04
3.082706766917291397e-01 4.850421927832826441e-02 6.446463097535826137e-04
3.233082706766916559e-01 5.106131938397240333e-02 8.471550955686524276e-04
3.383458646616537280e-01 5.365752779593613297e-02 1.104210141210870688e-03
3.533834586466162442e-01 5.630102253481794605e-02 1.427673298257658985e-03
3.684210526315787604e-01 5.900124082706170725e-02 1.831201198872811631e-03
3.834586466165412766e-01 6.176894458916848407e-02 2.330324840878361670e-03
3.984962406015037928e-01 6.461625865431308569e-02 2.942487159284468135e-03
4.135338345864658649e-01 6.755667568800483025e-02 3.687029528943064349e-03
4.285714285714283811e-01 7.060502256595313497e-02 4.585119242363155934e-03
4.436090225563908973e-01 7.377738428781555058e-02 5.659611796253294358e-03
4.586466165413529694e-01 7.709098324413155012e-02 6.934844282517005354e-03
4.736842105263154856e-01 8.056401376442146045e-02 8.436359237530055566e-03
4.887218045112780018e-01 8.421543423319555188e-02 1.019056181988808873e-02
5.037593984962405180e-01 8.806472151268884829e-02 1.222431696630010833e-02
5.187969924812030342e-01 9.213159477736176939e-02 1.456449697674067068e-02
5.338345864661651063e-01 9.643571796030236953e-02 1.723749353214820701e-02
5.488721804511276225e-01 1.009963916613987323e-01 2.026871117233852715e-02
5.639097744360901387e-01 1.058322464292356102e-01 2.368206149724372267e-02
5.789473684210522109e-01 1.109609497085948249e-01 2.749947858373769094e-02
5.939849624060147271e-01 1.163989384092491974e-01 3.174047618339148613e-02
6.090225563909772433e-01 1.221611880302244657e-01 3.642176612048508844e-02
6.240601503759397595e-01 1.282610276605975486e-01 4.155695497943323602e-02
6.390977443609022757e-01 1.347100081176648700e-01 4.715633279161135505e-02
6.541353383458643478e-01 1.415178281546705108e-01 5.322676323003427967e-02
6.691729323308268640e-01 1.486923212637396574e-01 5.977168009612476851e-02
6.842105263157893802e-01 1.562395032944028372e-01 6.679118998147082209e-02
6.992481203007514523e-01 1.641636790518212763e-01 7.428227626713557186e-02
7.142857142857139685e-01 1.724676043321746732e-01 8.223909541918228427e-02
7.293233082706764847e-01 1.811526985413465241e-01 9.065335313052802491e-02
7.443609022556390009e-01 1.902193021194431566e-01 9.951474544044014436e-02
7.593984962406015171e-01 1.996669724054527251e-01 1.088114486254054825e-01
7.744360902255635892e-01 2.094948112413401731e-01 1.185306413800972791e-01
7.894736842105261054e-01 2.197018174398497337e-01 1.286590434722727494e-01
8.045112781954886216e-01 2.302872571379008804e-01 1.391834564523239948e-01
8.195488721804506937e-01 2.412510449607871976e-01 1.500912938610090563e-01
8.345864661654132099e-01 2.525941287927313539e-01 1.613710904188412343e-01
8.496240601503757262e-01 2.643188707770356416e-01 1.730129816229570849e-01
8.646616541353382424e-01 2.764294169684937685e-01 1.850091467950045754e-01
8.796992481203007586e-01 2.889320478595678310e-01 1.973542097646934224e-01
8.947368421052628307e-01 3.018355018307623538e-01 2.100455919772885593e-01
9.097744360902253469e-01 3.151512634580146965e-01 2.230838129139041115e-01
9.248120300751878631e-01 3.288938085574262260e-01 2.364727324318938173e-01
9.398496240601499352e-01 3.430807978620507015e-01 2.502197291565737558e-01
9.548872180451124514e-01 3.577332113058329099e-01 2.643358086112836958e-01
9.699248120300749676e-01 3.728754150455326766e-01 2.788356345935509850e-01
9.849624060150374838e-01 3.885351536148569096e-01 2.937374775985848174e-01
1.000000000000000000e+00 4.047434600425638962e-01 3.090630750128191551e-01
1.015037593984962072e+00 4.215344774807654460e-01 3.248373994322992786e-01
1.030075187969924144e+00 4.389451870151699353e-01 3.410883338032704160e-01
1.045112781954887105e+00 4.570150380119084588e-01 3.578462550525651764e-01
1.060150375939849177e+00 4.757854797284259973e-01 3.751435313172679642e-01
1.075187969924812137e+00 4.952993960640199589e-01 3.930139415847957451e-01
1.090225563909774209e+00 5.156004492539700834e-01 4.114920302700832977e-01
1.105263157894736281e+00 5.367323429177801586e-01 4.306124127303485594e-01
1.120300751879699241e+00 5.587380199334699427e-01 4.504090507076607963e-01
1.135338345864661314e+00 5.816588157851647622e-01 4.709145189859276215e-01
1.150375939849624274e+00 6.055335928841039106e-01 4.921592859910814965e-01
1.165413533834586346e+00 6.303978854038714275e-01 5.141710315467626913e-01
1.180451127819548418e+00 6.562830869106459630e-01 5.369740244785621286e-01
1.195488721804511378e+00 6.832157140834311804e-01 5.605885812508697441e-01
1.210526315789473450e+00 7.112167788052605744e-01 5.850306243850740273e-01
1.225563909774435523e+00 7.403012977333620626e-01 6.103113561506834372e-01
1.240601503759398483e+00 7.704779631935299022e-01 6.364370590766226243e-01
1.255639097744360555e+00 8.017489921666047792e-01 6.634090303533861643e-01
1.270676691729322627e+00 8.341101617026751569e-01 6.912236523554753376e-01
1.285714285714285587e+00 8.675510299123825320e-01 7.198725964824852497e-01
1.300751879699247660e+00 9.020553324247657656e-01 7.493431524773068730e-01
1.315789473684210620e+00 9.376015355570448406e-01 7.796186705185306209e-01
1.330827067669172692e+00 9.741635200424401120e-01 8.106790988975625112e-01
1.345864661654134764e+00 1.011711363514715245e+00 8.425015961847268642e-01
1.360902255639097724e+00 1.050212186395254932e+00 8.750611936754388864e-01
1.375939849624059796e+00 1.089631024524605252e+00 9.083314817993599632e-01
1.390977443609022757e+00 1.129931692792091269e+00 9.422852932684175897e-01
1.406015037593984829e+00 1.171077606942185767e+00 9.768953561928679363e-01
1.421052631578946901e+00 1.213032535338168572e+00 1.012134892303905076e+00
1.436090225563909861e+00 1.255761258314519679e+00 1.047978138791092917e+00
1.451127819548871933e+00 1.299230119376373338e+00 1.084400776982235470e+00
1.466165413533834005e+00 1.343407459429606376e+00 1.121380256921312935e+00
1.481203007518796966e+00 1.388263932001610357e+00 1.158896013465763986e+00
1.496240601503759038e+00 1.433772703647905544e+00 1.196929576344809121e+00
1.511278195488721110e+00 1.479909549110207223e+00 1.235464583138844219e+00
1.526315789473684070e+00 1.526652855051899849e+00 1.274486709780401128e+00
1.541353383458646142e+00 1.573983549180425712e+00 1.313983537412212854e+00
1.556390977443609103e+00 1.621884973186682899e+00 1.353944376856480503e+00
1.571428571428571175e+00 1.670342718181666797e+00 1.394360072320287358e+00
1.586466165413533247e+00 1.719344440262098317e+00 1.435222804275635866e+00
1.601503759398496207e+00 1.768879671639568940e+00 1.476525907937272564e+00
1.616541353383458279e+00 1.818939639646650619e+00 1.518263718867498113e+00
1.631578947368421240e+00 1.869517102180518364e+00 1.560431451586113738e+00
1.646616541353383312e+00 1.920606204104732484e+00 1.603025111371589873e+00
1.661654135338345384e+00 1.972202355178142241e+00 1.646041434421857019e+00
1.676691729323308344e+00 2.024302126591649653e+00 1.689477847815064493e+00
1.691729323308270416e+00 2.076903160509630197e+00 1.733332438700236011e+00
1.706766917293232488e+00 2.130004085401177250e+00 1.777603922033080153e+00
1.721804511278195449e+00 2.183604429568672955e+00 1.822291597855567602e+00
1.736842105263157521e+00 2.237704526166870878e+00 1.867395292241734950e+00
1.751879699248119593e+00 2.292305405038613131e+00 1.912915280033868015e+00
1.766917293233082553e+00 2.347408669616132926e+00 1.958852191693237543e+00
1.781954887218044625e+00 2.403016360572463483e+00 2.005206910296742251e+00
1.796992481203007586e+00 2.459130811398013705e+00 2.051980467330528413e+00
1.812030075187969658e+00 2.515754504135790270e+00 2.099173947056897305e+00
1.827067669172931730e+00 2.572889935679393503e+00 2.146788408704638940e+00
1.842105263157894690e+00 2.630539505955054480e+00 2.194824833667993857e+00
1.857142857142856762e+00 2.688705438749934729e+00 2.243284101656220386e+00
1.872180451127819723e+00 2.747389743870623846e+00 2.292166995858853085e+00
1.887218045112781795e+00 2.806594225870661319e+00 2.341474233318239229e+00
1.902255639097743867e+00 2.866320540114474014e+00 2.391206513454783078e+00
1.917293233082706827e+00 2.926570291941947843e+00 2.441364575579676455e+00
1.932330827067668899e+00 2.987345169757867680e+00 2.491949255566897392e+00
1.947368421052630971e+00 3.048647098618101126e+00 2.542961532708904571e+00
1.962406015037593932e+00 3.110478397895263925e+00 2.594402559967210919e+00
1.977443609022556004e+00 3.172841925332438251e+00 2.646273673954858907e+00
1.992481203007518076e+00 3.235741190497696707e+00 2.698576384514309368e+00
2.007518796992481036e+00 3.299180423367987558e+00 2.751312347093968214e+00
2.022556390977443108e+00 3.363164588285126655e+00 2.804483323741763456e+00
2.037593984962406068e+00 3.427699339395983813e+00 2.858091140026649768e+00
2.052631578947368141e+00 3.492790920284003064e+00 2.912137645372643746e+00
2.067669172932330213e+00 3.558446017075004519e+00 2.966624683179501787e+00
2.082706766917293173e+00 3.624671580083601796e+00 3.021554074961050773e+00
2.097744360902255245e+00 3.691474633349105972e+00 3.076927619976828510e+00
2.112781954887218205e+00 3.758862093636944124e+00 3.132747108975571848e+00
2.127819548872180277e+00 3.826840620324439612e+00 3.189014348220666761e+00
2.142857142857142350e+00 3.895416514991133283e+00 3.245731188348115026e+00
2.157894736842105310e+00 3.964595684722635127e+00 3.302899552076096867e+00
2.172932330827067382e+00 4.034383676607660618e+00 3.360521455397096346e+00
2.187969924812029454e+00 4.104785783367786323e+00 3.418599018486503383e+00
2.203007518796992414e+00 4.175807212349592845e+00 3.477134464825867965e+00
2.218045112781954487e+00 4.247453303107548095e+00 3.536130109522281018e+00
2.233082706766916559e+00 4.319729773327217970e+00 3.595588340032746189e+00
2.248120300751879519e+00 4.392642969536415976e+00 3.655511594055704805e+00
2.263157894736841591e+00 4.466200098343303893e+00 3.715902339942829258e+00
2.278195488721804551e+00 4.540409415953966743e+00 3.776763064508310563e+00
2.293233082706766623e+00 4.615280358280752893e+00 3.838096271665309089e+00
2.308270676691728696e+00 4.690823600590620757e+00 3.899904493177645648e+00
2.323308270676691656e+00 4.767051043656236331e+00 3.962190310386590753e+00
2.338345864661653728e+00 4.843975731895753256e+00 4.024956383520366998e+00
2.353383458646616688e+00 4.921611717089454885e+00 4.088205483549700148e+00
2.368421052631578760e+00 4.999973888048691251e+00 4.151940520838229176e+00
2.383458646616540832e+00 5.079077791327573976e+00 4.216164565203628811e+00
2.398496240601503793e+00 5.158939470172610342e+00 4.280880853406269893e+00
2.413533834586465865e+00 5.239575348140867561e+00 4.346092782277725775e+00
2.428571428571427937e+00 5.321002180230058443e+00 4.411803888302058496e+00
2.443609022556390897e+00 5.403237088300709701e+00 4.478017816999042111e+00
2.458646616541352969e+00 5.486297689637082087e+00 4.544738287465595050e+00
2.473684210526315042e+00 5.570202318485328874e+00 4.611969058534004517e+00
2.488721804511278002e+00 5.654970331220498636e+00 4.679713902985554341e+00
2.503759398496240074e+00 5.740622477322739670e+00 4.747976595097485486e+00
2.518796992481203034e+00 5.827181311380950746e+00 4.816760914685305650e+00
2.533834586466165106e+00 5.914671616493789585e+00 4.886070668089823599e+00
2.548872180451127178e+00 6.003120807055317698e+00 4.955909723716953152e+00
2.563909774436090139e+00 6.092559279060377975e+00 5.026282057263818714e+00
2.578947368421052211e+00 6.183020678523321934e+00 5.097191800091806613e+00
2.593984962406015171e+00 6.274542062904467699e+00 5.168643283632743390e+00
2.609022556390977243e+00 6.367163935933833230e+00 5.240641073344832535e+00
2.624060150375939315e+00 6.460930142174477808e+00 5.313189987466939712e+00
2.639097744360902276e+00 6.555887613357285204e+00 5.386295098359278555e+00
2.654135338345864348e+00 6.652085963341891173e+00 5.459961717131969650e+00
2.669172932330826420e+00 6.749576932117539840e+00 5.534195365054500826e+00
2.684210526315789380e+00 6.848413681423410893e+00 5.609001737437019131e+00
2.699248120300751452e+00 6.948649945503509784e+00 5.684386666912864428e+00
2.714285714285713524e+00 7.050339040655122957e+00 5.760356093133431443e+00
2.729323308270676485e+00 7.153532737239354233e+00 5.836916044814062232e+00
2.744360902255638557e+00 7.258279998476288242e+00 5.914072638042888741e+00
2.759398496240601517e+00 7.364625592427492151e+00 5.991832092141754273e+00
2.774436090225563589e+00 7.472608587725117602e+00 6.070200761601864059e+00
2.789473684210525661e+00 7.582260750233716706e+00 6.149185180173553533e+00
2.804511278195488622e+00 7.693604866960663813e+00 6.228792111469594772e+00
2.819548872180450694e+00 7.806653034775310473e+00 6.309028599712394936e+00
2.834586466165413654e+00 7.921404964031877327e+00 6.389902014609399217e+00
2.849624060150375726e+00 8.037846359807948815e+00 6.471420085685091195e+00
2.864661654135337798e+00 8.155947454679489894e+00 6.553590923475791641e+00
2.879699248120300759e+00 8.275661775137921339e+00 6.636423027434716460e+00
2.894736842105262831e+00 8.396925227359878008e+00 6.719925282783330900e+00
2.909774436090224903e+00 8.519655585771362283e+00 6.804106950490627526e+00
2.924812030075187863e+00 8.643752458859177423e+00 6.888977655766963082e+00
2.939849624060149935e+00 8.769097790727878206e+00 6.974547380764311910e+00
2.954887218045112007e+00 8.895556934425448148e+00 7.060826466581366034e+00
2.969924812030074968e+00 9.022980305222235486e+00 7.147825628332832082e+00
2.984962406015037040e+00 9.151205590628320508e+00 7.235555985230320175e+00
3.000000000000000000e+00 9.280060461283893503e+00 7.324029105675817775e+00
